                          1

...94       
           2566

       40 (5) (6) (7) (8)   
     ...94                        (1)    40 (5) - (8)
  40 (5)  (8)                       ...94       *
                                    ...94
                                *       ...94 
  2566                             Download  www.rd.go.th >   >

     1.       60,000              >>    
     2.                                -      40 (1) - (4) 

       120,000                     40 (5) - (8)  
     3.           60,000          (2)   40 (1) - (4)
     4. 
  60,000                         -    
     5.              60,000       (3)  
     6.
                                   
                                       ...94      
         1,800,000  
        60,000   1,800,000                ...94  
                                      
                                     
                                       "   "
                                 
                                ( )           
                                     " "    
                                  (    )  
                                 1.    ( 20  
                                )  
                                
                                 2.    
                                      
                                 3.    
                                        
                                 4.      
                                    
                                 5.   
                                   
                                         
                                
                                 ( 1   30 ) 
       (                              
                                 6.             
)                                      
                                 
                                7.    
      ""  ""                       

        

      

  ""  "" 
   
 -       40 (5) - (8)     
40 (1) - (4)  40 (5) - (8)    
                           2
8.                    ()                    20

                               ()           15

9.                   ()                     30

                               ()           10

                                   
     
                                    

1.                            (2)            
65            
                                             20     

                                   40 (6)

                                         
                                      
     65      
                                          

 190,000                        1     

65                2       

 65   (1)                                   60
  
                               (2)       30
 
 190,000                           40 (7)
     40 (5)  (8) 
                               

                                  

                 
                               1        
       

190,000      2      60

          "                        40 (8)

 **   ...94"                   
     2.     (        )         1.        
                                     40 (1)  (7) 
  65           
  65                                     
   190,000 
              40              (  2  16)
(5)  (8)                       2 . 

         190,000               

     

 190,000                         10 
                                
                               
                               3. 
  "  **  ...94"                           
                               (    )
     40 (5)
                                  
            
     1.     
     2.             

 

                              (1)          

   2.                50  

   (2)         
 
                                        

                                 1      
     (1)                          2      
   1       
    2                             * 1  2  3  4  5  6  7  8   

 ()          30                  92 84 77 71 65 60 55 50
                                           3

*      

                                                1  .. 2564
          10      10                             31   .. 2566  ... (  728) .. 2564
    1                                           ( 416)

     4.  (                                      30   .. 2564
              42
                                                      

(26) (27)  (28)  )                             1.    
 4.1                                            
                                                30,000 
           20                                    
     42 (26)
 4.2                                           
              20                              30,000   60,000   
   42 (27)                                     (1)   
 4.3                                           30,000 
                                               (2)      2     
                                                60,000 

 10   42  2.  

(28)      325 (.. 2560)                        2.1            

5.  (   30,000 

 5       42                                    2.2      40 (5) - (8)
(26) (27)  (28)   )
 5.1                                           (1)  
                                                30,000  
           20                                 30,000 
    42 (26)                                    (2)  
 5.2                                           30,000  
              20                                 
   42 (27)
 5.3                                           2.3       40 (1) - (4)  
                                                  30,000 
                                               2.4          (  
                                               180 ) 

 10   42 

(28)     325 (.. 2560)                         

        ...94   2.5          

Download     40 (5) - (8)       

  3.  

          

 Download                                      3.1         
                                                       15,000   

      www.rd.go.th >   >                      
 >  >                                          .. 2561        30,000  
                                                                
                                               3.2        15,000 
        40 (5) (6) (7)  (8)                    
 

   3.3         3.13.2  

 100          3.1          3.2
                               4

           3.1              

       3.2        3.1               
        3.2                       
 3.1                                  30,000  
                                  
                                   
                                   47(1)()         
                                       
                                        
                                   (1)               
                                  
           
                30,000 

           42                           

                 

                                   ()   
                                   ()    
                                   ()      
                                   () 
                                   
                                   () 
  ...94                            
     ...94Download                 ()    () () () ()  ()  
  www.rd.go.th >                  
                                             
 >  >  >                               1 

   
 4.     

 4.1  60        

                                  
  30,000                           () () () () ()  () 
 4.2                              
 ()                               
                                    180  
                                  180 
          4.3         15,000       (2)  (1)   

 15,000 

 4.4                               30,000    

 (1)   

                                         42   
 15,000                             (1)   
 (2)                              
                                    
                                     
       15,000                      (3) 
 4.5       

                                   (1) 
   ..03                              

 4.6                              
                                     
                                        
                                  
 4.7                                           

 ...94
 5.       
 5.1  
                          5

 (4)    

            1       

     47 (1) ()         

                (7) 

                             
                             ( 182)  22  .. 2552  
                               
                             
                              (1)  
 (5)                          (8) 
                             
                                 
                              5.2  5.1 (1) 
                              ( 182)
                              22  .. 2552 
                                
                              5.3 
  1                          (  182)  22   .. 2552   
       1                     
     30,000                  ( ..04)         
      30,000  ( 60,000 )       
 (6)                          (1) 
                             

 (1)                       

                             

 ()  

   

 (1)   (2) 

                                
      180                     ()  5.1 (6) ()
   180                        () 
                              ( ..04-1)  5.1 (6) ()
 
 (6) ()                        6.          
                                    6.1 
                
                                  30,000 
                                    6.2 
       
                               (   )  
(  182)                       
 () 
       (1)                          6.3 
                             
                                15,000 

                                    6.4     
                              (1)            
                             
                             15,000 
                              (2)  

   

         (1)       

     15,000        

  (1)       15,000 

                                    6.5 
                               
                           6

 6.6           (2)    

   (2.1)    

        15,000                        10,000   
        6.7                    5,000  
                               10,000       
                                    90,000          
                               42   46 
          2563
                              
                               (2.2) 
                                   
 ( 162)                               10,000  
                                   5,000     
 26  .. 2549                  10,000          
                                90,000  
     ( 234)   31              10,000          5,000  
                                10,000  
.. 2556                              90,000  
                               
(  360)  26   .. 2562             42    46  
        6.8                    7.3      7.1 ­ 7.2

    ...94                      (1) 
    7.    
        7.1                   1  .. 2563  

                
              
              
   
 (1) 
 
   

 (2)          

                               (2) 
                              1  .. 2563    
 ()                                               
     20                        
 ()                            ( 172)
 ()                            30  .. 2551    
 2  3   5         20           (  235)   31 
                              .. 2556 
 

 ()         (  361)   26  .. 2562

   ()  ()      

                                         
  20                               
      ()                       
 ()  ()                         
                                7.1 (2) 
                               
                                      1  .. 2552  

                                     7.4          7.2 
  (1)  (2)                        7.1  
 1  .. 2552                     7.2 
 7.2                          
                              
                               
 (1)                          
               10,000             27  
                               7.5      
5,000   10,000                   
         
90,000         

42    46 
                                7

   

                                         
100,000                            90,000            
                                   
  10                                (1) 
 47 (1) ()        2 (61)            
     126 (.. 2509)                  15 
100,000        

(  301)   30    .. 2560                  200,000 

        7.5                                      
       (1)          1  .. 2563      
                                   
                                            
                                     
                                   
       (2)         1  .. 2563
 
             

                                              

       (  301)    500,000   

 30  .. 2560     (2)  

  ( 363)  26                              
.. 2562                                             
 7.6                               
                                     15               
                                     200,000 
      25,000                        
47 (1) ()   2                      
(61)   (94)     126 (.. 2509)       
  100,000                           
     1  .. 2563     

            365 

(.. 2563)                                   

 7.7                            

     1  .. 2553     

                                   500,000  
                                    (3)     
 (1)                                (3.1) 
                                   
 (2)                               
                                    15       
 (3)                                   200,000 
                                           
                                   
                                   
                                              
 (4) 

      55    85       

 

                                    

 7.8                     500,000 

    

   (3.2)  

                       

                             
                          8

                              (1)       
 15                           1 
     200,000                   1    
                              (2)       
 15                           5  
                                             55   
200,000                      
                              
                              (3)        
                                  
                              
                               
                              (4)              
                                  
            500,000               8.1 (1)   
                              8.1 (2)       
                               
        (1) (2)  (3)          ( 171)   
                               
42    46                               
                               24  .. 2551
                             
                             1  .. 2563 
95,000                        8.2 
                              
                                         
 7.9      7.7 ­ 7.8              
 (1)                             8.1
   1  .. 2563                 8.3 
                              5  
 (2)                             55       
 1  .. 2563                   
                              
                                   8.1 (1)
                              8.4               
 ( 194)                       8.1 8.2  8.3 
 28    .. 2554               
    (  261)  11                   30  
.. 2558                        
(  362)   26  .. 2562        500,000   
 7.10               7.8       
          7.7                 
     7.8                              
                             
                              
                               
                                 500,000 
27                            8.5 
                                     
     8.                       
                                 
                              8.1  8.2     
                              8.4
                              8.6 
 8.1                          8.4  
                                8.1  8.2    
                                8.4     
                              
                                 5    
                               
                                         
                                      27   
                                   
                               3  
                              
                             9

                                
                                         500,000      
                                  
27                              
                                        
                                 
                                 
                                 
 8.1  8.2                                 
                                
                                       
                                           
                                  500,000 
 8.7                              
                                   314
                                (.. 2559) 
 (1)         1  .. 2565         ( 274)   2   .. 2559           
                                 40
                                       42    46 
                                 
 (2)      1  .. 2565
                                     10.        SSF
                                 
                                
 8.8                            
                                      
                                 10.1      
                                 (1) 
 5                               30 
                                  
                                200,000          
                                  1  .. 2563   31  .. 2567
                                 (2) 
                                 10 
                                
                                  
        1  .. 2565                
                                
 8.7 (1)                        
                                      
                                 10.2 
 8.9                                   
  8.7 (2)                       
    8.8                          
                                  10.1
                                      
     ( 401)                      30 
 27  .. 2564                                200,000
     (  414)   30   .. 2564       
                                 10.3 
                                  10.1  10.2    
                                  30               
                                      200,000    
                                               
 (SCAN)                              
 8.10                                         
  40                             
  42   46                                 
                                           
             1  .. 2563          
                                         
(  401)   27  .. 2564           
     (  414)   30   .. 2564          
                                 
     9.                          
                                500,000    
                                   10  11.              

 10.4 
          10.3             
    10.1  10.2      11.1        
 10.3         (1)  
  () 
                      () 
                  
 5              ()   
    () 
                                        () 
 27                                         
   () 
   10.1  10.2                            
 (capital gain)                               10,000    
       (FIFO)                                  
 10.5                                    5,000           10,000 
                                               
     (  369)   13   .. 2563              90,000 
        (  415)                         (2) 
  30  .. 2564                           
                                                
                                       
            (1)        1  .. 2565                
                                             100,000 
                                        (3)  
                                                      
                                          
            (2)       1  .. 2565       100,000 
                                        (4) 
                                           11.1 (1)  11.1 (2)  11.1 (3)   
                                         3      100,000 
 10.6                                   11.2 
                                                  
                                         
                                         
   5                                    11.3        
                                       
                                        
                                        11.4  11.3 
                                            
                                            
                                         
                                                 
 10.7                                      
 10.5 (2)                               11.5            11.3
 10.6                                    1  
                                             11.3
                                        11.6            
                                                
   ( 369)   13   .. 2563                11.7             
  ( 415)                                      
  30   .. 2564                             11.1 (1)  11.1 (2)  11.1 (3)
                                        11.1 (4)
                                        11.8 
                                                    11.1 (1)
                                        11.1 (2)  11.1 (3)  11.1 (4)
                                        11.9  
 (SCAN)                                   
 10.8                                   (1) 
  40                                      
  42   46                                   11.1 (1)  11.1 (2) 
                                       11.1 (3)  11.1 (4)
             1  .. 2563                 (2) 
                                       
(  369)   13   .. 2563                    11.1 (1)
     (  415)   30   .. 2564
                                  11

 11.1 (2)  11.1 (3)  11.1 (4)          () 
     11.1 (1)  11.1 (2)                  
 11.1 (3)  11.1 (4)                    
 11.10                                
    11.1 (1)  11.1 (2)  11.1 (3)             
          11.1 (1)  11.1 (2)
 11.1 (3)  11.1 (4)                           13.5          
                                                   
                                               
                                       (1)           
                                       (2)    
                                                
                                       
                                       
    12.                                13.6             
                                       13.4  
                                       (1)  (
                                      .. 11)     
     13.                                 
                                       (2)            
                                       
                                      ( .. 9) 
                                       
 13.1                                      
                                       ()  13.4 (1)  (2)
 13.2  47 (1) ()                                  
                                          
 (1)                                    
                                          
 (2)                                   ()           13.4 (3)
                                                   
                                          
                                               
                                       ()      13.5  
 13.3                                              
  13.2 (1)                                      
                                       
13.2 (2)                                
                                      (  ( 357)
 13.4                                   8   .. 2562)
            
                                           14.          (
 (1)                                     40 (5) (6) (7)  (8)   
                                        )               
                                                   
                                          
 (2)                                   14.1     
 ()                                      40 (5) (6) (7)  (8)   
                                       14.2   
                                                   
                                        
                                       14.3       
                                                     
                                             1  .. 2564    31   .. 2566
                                       14.4                  
 ()                                    48 (1)       
                                      
          
 (3)                                                      
 ()                                                  40
                                             42    46 
                                        
                  
                                           
                                                     
                                               
                                                         
                                            
                                       
                                    12

                                         (5)    
                  27                       
                                         (6) 
                                             
     15.                                 (7) 
                                           
                                         (8)           
                                              
                                         (9)            
                                                17.1
                 1                       (10)     
.. 2561       338 (.. 2561)              17.4              
 ( 331)                                       
  25   .. 2561                                    1  .. 2566   
                                         386 (.. 2565)   
     16.            
                                             ( 4 31)   29   .. 2565
             
                                               / 
                                             1.                
             100,000 
                                                 
         ... (  735) .. 2564             
   (  38)   27   .. 2564                 
                                        
     17.            (    1 .. 2566      
- 15 .. 2566)                           
17.1                                      29/2560  
                                                   
  1  .. 2566                              26     2560    2   
15    .. 2566        40,000               10
            86/4                         
          105                           
                                        
     (  1 . 2566 - 15 .. 2566)                     
 (1)                                          1  .. 2561
                                         1.1    
 86/4                                    (1)  
           30,000                             
                                         (2)            
                                           
 3                                       
                                         
                                         (3)          
 (2)                                            
 (1)  30,000                                     
  30,000                                 1.2        
  10,000                                    
                                        
  86/4       105                            
                                         1.3 
 3                                         
                                         1.4 
                                        
        17.2                             
 17.1 
                                              3 
                                         www.rd.go.th >   >   >   
 (1)                                     >  > 
 (2)                                          1  2    
                                         
 (3)                                      (  ) /     ( )

                                             2.    
         17.3      17.1                  47 (1) (2) (3) (4) (5)
                                         (6)       2      
 (1)                                    
 (2)                                    
 (3)                                      10   3.   
 (4)                                       
                              13

 2.1                                      (e-Donation)

                26..2565  31 ..2567

  ... (  756) .. 2565   

 ( 45)   14   .. 2565

  3.6        

             

  

       ( 615) .. 2559  

 2.2         

     ...( 651) .. 2561             

 2.3      

    2  

1  .. 2561    ... ( 663) .. 2561    2      10    

   (  10)   8  .. 2562                    
     3.         (e-Donation)           (e-Donation)

 3.1         1  .. 2566    31   .. 2568

          

 2019 (COVID-19)  3.7   

               (1)  

 47 (7)    (2)     

  10               (3)  

     (e-Donation)  (4)        

      6   .. 2565    31   .. 2566         

 ... (  751) .. 2565     (5)       

(  43)   10   .. 2565             

 3.2                      

         47 (7)      29/2560           

   10            26  .. 2560

                                     2 

  (e-Donation)          47 (7)  

      1  .. 2564   31   .. 2566   10 

 ... (  719) .. 2564               

( 35)  22  .. 2564                      47 (7) ()   

 3.3                   (e-Donation)

                      1  .. 2565    31   .. 2567

  47 (7)                  

  10               

     (e-Donation)  3.8       

      9   .. 2564   31   .. 2566       1  .. 2564   31   .. 2566

 ... (  735) .. 2564        2           

(  38)   27   .. 2564                  2          10  

 3.4             

               ... (  732) .. 2564   

 47 (7)    ( 412)   29  .. 2564

 10                                3.9   

         (e-Donation)  (1) 

      1  .. 2566   31   .. 2570  (2)       

 ... ( 761) ..2566                 

                                    

 3.5                               (3) 

 (1)                               (4)     

 (2)         (5)        

                                    

 (3)       (6)        

                                   

   2  

         47 (7)    (7)     

  10   (8)    

                                   (9)    
                                   14

 (10)                                      (2)    
                                        
 (11)                                    
                                        (3)        
 (12)                                         
 (13)                                    50 
   2                                        
         47 (7)                         (4) 
  10                                             
                                        
         (e-Donation)                   (5)  
       1  .. 2566    31   .. 2567        
                                        (6)       
                                       
 3.10                                  
            " "                         72 
                                        (7) 
        2                                          
      47 (7)                           
    10                                   16  .. 2542
         (e-Donation)                   (8)            
       1  .. 2566    31   .. 2567       1 
                                       .. 2554  
                                                
                                           
     4.                                 (9)    
2      100                              (10)  
     10                                           
 3.                                                
 4.1                                    
                                                                              
                                          
                                        (11)         
4.2                                             
                                        (12) 
                                          
         100    
4.3                                            2  
                                            1.         
 4.4                                         (  1  16)
                                            2.           
 4.5                                       120,000          
                                            1.  7.    0.005
                                             5,000        1 
       
                                       5,000     

                                       
     
                                                   40 (7)  (8)
                                       
                                            0.1  
         10     5.                           2 
               
                                            1.             
                                            2.  120,000  
                                       0.005     5,000    1.
                                                        .. 2564  .. 2566
                                         
 (1)                                     
                                                           
                                               
  www.rd.go.th                                    
     RD Intelligence Center .1161            
                                              
                                             
                                       
                         15          (5)    
                                 
               
                                     (6)         
                                 
        
                                     (7)         
                                 
 
                                     (8)    
                                      
                                  
                                       

                                     (9)       
      ...94                   
                              
         18.     
                                     (10)  
  1.5   (  1 )                        
  
                                  2.    
                                            ...94

                                             
2,000  
                             (      )     ...94

                             

                             "     "

                                              . 

          ...94   ()              3.           
  2566     1     30    
                               3 
 
                                   3,000  
                               3        

        ...94                      1  ...94 
     1.                       30    
     2.     
                                   2   31    
  (  )                             3   30    
 ...94 
                                  
   .  
                              
       
                                   
     
      90  7                       
      . 10400                       (..35) 

                                

                             
  1     30      
                                             
                                   1.5    (    1  ) 
                                      2,000    
   
                                              
            
     1.        (                   RD Intelligence Center . 1161
)   
    
 (1)    
     
 (2)  
    

        (3)          
           

        (4)    
      
                      16

                                                                     1

                     

 ()                                                                                                                            
                                                                                                                                

  0  150,000 150,000 ......................................... 5               ..................................                     0
                                                                               ..................................      7,500       7,500
 150,000 " 300,000 150,000 ......................................... 5         ..................................     20,000      27,500
                                                                               ..................................     37,500      65,000
 300,000 " 500,000 200,000 ......................................... 10        ..................................     50,000     115,000
                                                                               ..................................    250,000     365,000
 500,000 " 750,000 250,000 ......................................... 15        ..................................    900,000   1,265,000
                                                                               ..................................
 750,000 " 1,000,000 250,000 ......................................... 20

 1,000,000 " 2,000,000 1,000,000 ......................................... 25

 2,000,000 " 5,000,000 3,000,000 ......................................... 30

 5,000,000            ......................................... 35

        

  150,000     ... (  470) .. 2551

                                                                                                                               2

                     40 (8)
                         
                                                                                                                               
                         

(1)        (22)                                                                                                               60
                                                                                                                              60
                         (23)  
()       300,000      60 (24)       
()   300,000          40                                                                                                      60
   ()  ()    600,000  (25)           60
(2)                   60 (26)                                                                                                 60
(3)          60 (27)        60
(4)           60 (28)                                                                                                         60
(5)           60 (29)        
(6)        60                                                                                                                 60
(7)            60 (30)           60
(8)       60 (31)                                                                                                             60
(9)            60 (32)                                                                                                        60
(10)                  60 (33)                                                                                                 60
                      60 (34)                                                                                                 60
(11)                  60 (35)                                                                                                 60

(12) 

(13)           (36)        40 (5)                                                                                             60
                      60   
                                                                                                                              60

(14)    (37)    
       60 (38)                                                                                                                60
(15)                  60 (39)                                                                                                 60
                      60 (40)                                                                                                 60
(16)                  60 (41)                                                                                                 60

(17)                                                                                                                          60

(18)                     (42)   
                      60 (43)       6    
                      60     5                                                                                                60

(19)                  60 (44)        (1)  (43)

(20)    
(21)          60         
